COUNT: 311
MEAN: 241.49511400651465
MEDIAN: 241.0
MODE: 393.0
SD: 145.46484786056646
VARIANCE: 21229.17236166996
Elapsed Time: 0.001473 seconds
